Script started on 2023-11-15 03:57:57-05:00 [TERM="xterm-256color" TTY="/dev/pts/2" COLUMNS="116" LINES="41"]
cat s	]0;yl77@gold26: ~/374/proj03/firestarter[01;32myl77@gold26[00m:[01;34m~/374/proj03/firestarter[00m$ cat slurm-221387.out
Probability, Average Percent Burned, Average Iterations
0.000000, 0.000000, 2
0.010000, 0.000101, 2
0.020000, 0.000222, 2
0.030000, 0.000341, 2
0.040000, 0.000440, 2
0.050000, 0.000587, 2
0.060000, 0.000746, 2
0.070000, 0.000844, 2
0.080000, 0.001045, 2
0.090000, 0.001234, 2
0.100000, 0.001444, 2
0.110000, 0.001592, 2
0.120000, 0.001831, 2
0.130000, 0.002116, 2
0.140000, 0.002403, 2
0.150000, 0.002576, 2
0.160000, 0.002949, 2
0.170000, 0.003216, 2
0.180000, 0.003794, 3
0.190000, 0.004202, 3
0.200000, 0.004647, 3
0.210000, 0.005125, 3
0.220000, 0.005563, 3
0.230000, 0.006383, 3
0.240000, 0.007097, 3
0.250000, 0.007886, 4
0.260000, 0.009011, 4
0.270000, 0.010067, 4
0.280000, 0.010948, 4
0.290000, 0.012962, 4
0.300000, 0.014622, 5
0.310000, 0.016479, 5
0.320000, 0.019246, 5
0.330000, 0.022037, 6
0.340000, 0.024221, 6
0.350000, 0.028110, 7
0.360000, 0.034666, 7
0.370000, 0.041279, 8
0.380000, 0.046040, 9
0.390000, 0.056249, 10
0.400000, 0.067531, 11
0.410000, 0.078451, 12
0.420000, 0.095660, 13
0.430000, 0.116198, 14
0.440000, 0.138803, 16
0.450000, 0.162386, 17
0.460000, 0.195381, 19
0.470000, 0.231200, 21
0.480000, 0.275868, 23
0.490000, 0.322882, 24
0.500000, 0.375594, 26
0.510000, 0.423680, 28
0.520000, 0.483754, 29
0.530000, 0.534951, 30
0.540000, 0.592549, 31
0.550000, 0.645932, 31
0.560000, 0.689689, 31
0.570000, 0.742758, 32
0.580000, 0.780693, 31
0.590000, 0.805524, 30
0.600000, 0.831387, 30
0.610000, 0.862217, 29
0.620000, 0.881289, 28
0.630000, 0.898021, 28
0.640000, 0.912520, 27
0.650000, 0.922366, 26
0.660000, 0.936958, 26
0.670000, 0.944280, 25
0.680000, 0.950655, 25
0.690000, 0.956410, 24
0.700000, 0.963100, 24
0.710000, 0.968699, 23
0.720000, 0.973788, 23
0.730000, 0.976814, 23
0.740000, 0.978828, 23
0.750000, 0.983444, 23
0.760000, 0.986376, 22
0.770000, 0.988846, 22
0.780000, 0.990960, 22
0.790000, 0.992930, 22
0.800000, 0.994277, 22
0.810000, 0.994801, 22
0.820000, 0.995576, 22
0.830000, 0.997105, 22
0.840000, 0.996977, 22
0.850000, 0.997664, 22
0.860000, 0.998233, 22
0.870000, 0.998966, 22
0.880000, 0.998202, 22
0.890000, 0.999376, 22
0.900000, 0.999375, 22
0.910000, 0.999677, 22
0.920000, 0.999773, 22
0.930000, 0.999858, 22
0.940000, 0.999904, 22
0.950000, 0.999940, 22
0.960000, 0.999971, 22
0.970000, 0.999987, 22
0.980000, 0.999995, 22
0.990000, 1.000000, 22
1.000000, 1.000000, 22
Execution Time: 0.158182 seconds

]0;yl77@gold26: ~/374/proj03/firestarter[01;32myl77@gold26[00m:[01;34m~/374/proj03/firestarter[00m$ exit
exit

Script done on 2023-11-15 03:58:26-05:00 [COMMAND_EXIT_CODE="0"]
